MeshAnim
1
40
19
30
-0.1045285 -0.001360891 -0.9945211 0
0.0001419721 -0.9999993 0.001353465 0
-0.994522 2.814922E-07 0.1045285 0
1.06 1.390294 1.75676 1

0.08811276 -0.5379827 0.838338 0
0.05623436 0.8429559 0.5350356 0
-0.9945221 -5.369133E-08 0.1045281 0
1.053035 1.439598 1.69049 1

-0.0198147 0.7738156 0.6331011 0
-0.09963939 -0.6316013 0.768864 0
0.9948266 -0.04784699 0.08961762 0
1.11303 1.337734 1.755476 1

-0.06355437 -0.7939305 -0.6046782 0
0.0829882 -0.608009 0.7895812 0
-0.994522 1.870387E-07 0.1045283 0
1.06 1.390294 1.75676 1

0.1594926 0.9634705 0.2151445 0
0.2748453 -0.2526545 0.9276993 0
0.9481681 -0.08882976 -0.3051017 0
1.007862 1.337734 1.766529 1

-0.04114582 -0.9192673 -0.3914781 0
0.09608941 -0.3936344 0.9142313 0
-0.9945221 -9.200684E-08 0.1045281 0
1.070176 1.517421 1.853583 1

0.06861626 -0.7543789 0.6528431 0
0.07885395 0.6564391 0.7502463 0
-0.9945221 1.610018E-07 0.104528 0
1.047137 1.475609 1.634374 1

0.02002086 0.9675103 0.2520387 0
0.2611316 -0.2483992 0.9327958 0
0.9650955 0.04713986 -0.2576204 0
1.113639 1.313958 1.736023 1

-0.1410757 0.724685 -0.6744849 0
-0.07118862 0.6721092 0.7370223 0
0.9874364 0.1519915 -0.0432288 0
1.002961 1.30813 1.759919 1

-0.04519261 0.9781901 -0.202736 0
0.2117192 0.2077122 0.9550033 0
0.9762853 0.0002359392 -0.2164884 0
1.113158 1.290739 1.729974 1

0.02179175 0.9780569 -0.2071972 0
-0.1022349 0.2083401 0.972699 0
0.994522 -1.409734E-05 0.1045318 0
1.006347 1.290739 1.776105 1

-0.02219971 0.6248468 0.7804319 0
0.06566793 -0.7780272 0.6247893 0
0.9975948 0.06511948 -0.02376027 0
1.186887 1.511178 1.829969 1

0.1839751 0.6248469 0.7587621 0
0.06566792 -0.7780272 0.6247892 0
0.9807352 -0.0651193 -0.1841698 0
0.9511067 1.511178 1.85475 1

-0.01636374 -0.9787793 -0.2042641 0
0.02969925 -0.2046771 0.978379 0
-0.9994251 0.009943446 0.03241815 0
1.070176 1.517421 1.853583 1

-0.001201446 -0.9987985 0.04899129 0
-0.04027346 0.04900004 0.9979866 0
-0.9991882 -0.0007740465 -0.04028408 0
1.071883 1.619504 1.874887 1

-0.2164395 -6.91507E-08 -0.9762962 0
8.908683E-08 1 2.926681E-07 0
0.9762964 -6.463961E-08 -0.2164393 0
1.114117 1.269993 1.734274 1

0.1045285 8.634524E-07 -0.9945223 0
-8.578791E-07 1 6.913906E-07 0
0.9945222 6.358314E-07 0.1045287 0
1.005885 1.269996 1.780499 1

0.1836211 -0.2204566 0.9579574 0
-0.04150151 -0.975397 -0.2165148 0
0.9821209 -6.031769E-09 -0.1882525 0
1.188745 1.458886 1.764657 1

0.01956153 -0.2204562 0.9752007 0
-0.004421193 -0.9753971 -0.2204121 0
0.9997992 7.210474E-08 -0.02005482 0
0.9357103 1.458886 1.791251 1

-0.1045293 -0.0008297439 -0.9945216 0
0.0001419937 -1 0.0008193902 0
-0.994522 -5.556562E-05 0.1045291 0
1.06 1.390055 1.75676 1

0.08759003 -0.538946 0.837774 0
0.05585198 0.8423405 0.5360441 0
-0.9945898 -0.0001607908 0.1038816 0
1.053035 1.439396 1.690516 1

-0.0210645 0.7641358 0.6447119 0
-0.09934398 -0.6432632 0.759173 0
0.9948307 -0.04805663 0.08946253 0
1.11303 1.337496 1.755448 1

-0.06355547 -0.7938244 -0.6048174 0
0.08298724 -0.6081476 0.7894745 0
-0.9945221 -1.670863E-05 0.1045281 0
1.06 1.390055 1.75676 1

0.1614674 0.9621392 0.2195837 0
0.2737249 -0.257436 0.9267156 0
0.9481578 -0.08952886 -0.3049287 0
1.007862 1.33749 1.766501 1

-0.04114674 -0.9193391 -0.3913097 0
0.09609179 -0.3934671 0.9143032 0
-0.9945218 1.894357E-05 0.1045305 0
1.070177 1.517166 1.853605 1

0.06784947 -0.7555279 0.6515934 0
0.07780928 0.6551165 0.7515105 0
-0.9946569 -0.0002895752 0.1032362 0
1.047172 1.475471 1.634438 1

0.02116194 0.9702638 0.2411249 0
0.2613879 -0.2381594 0.9353912 0
0.965002 0.04323237 -0.2586547 0
1.113677 1.314017 1.735638 1

-0.1436172 0.7167672 -0.6823633 0
-0.07234602 0.6800622 0.7295766 0
0.9869856 0.154146 -0.04581311 0
1.002901 1.307928 1.759754 1

-0.04558011 0.9792291 -0.197569 0
0.2114086 0.2027509 0.9561378 0
0.9763348 0.001813008 -0.2162584 0
1.113169 1.290733 1.729851 1

0.0217547 0.9780113 -0.2074163 0
-0.1022803 0.2085541 0.9726483 0
0.994518 5.484877E-05 0.1045686 0
1.006347 1.290726 1.77613 1

-0.02696056 0.6249115 0.7802302 0
0.06579441 -0.7777123 0.625168 0
0.9974691 0.06818967 -0.02014785 0
1.186887 1.510918 1.829992 1

0.1868911 0.6246567 0.758206 0
0.06526528 -0.7779945 0.6248723 0
0.9802105 -0.06729858 -0.1861684 0
0.9511069 1.510923 1.854774 1

-0.01630845 -0.9791404 -0.2025307 0
0.02997661 -0.2029453 0.9787313 0
-0.9994177 0.009890409 0.03266078 0
1.070177 1.517166 1.853605 1

-0.00114061 -0.9986289 0.05234212 0
-0.03976945 0.05234615 0.9978368 0
-0.9992084 -0.0009434771 -0.03977484 0
1.071878 1.619287 1.874728 1

-0.2162162 0.005068913 -0.9763328 0
-0.0004434396 0.9999862 0.00529038 0
0.9763458 0.001576746 -0.2162106 0
1.114136 1.269965 1.734042 1

0.1045651 -0.0002179816 -0.9945183 0
-4.653122E-05 1 -0.0002240409 0
0.9945183 6.967292E-05 0.1045655 0
1.005886 1.269984 1.780529 1

0.1808175 -0.2197227 0.9586591 0
-0.03770874 -0.975558 -0.2164833 0
0.9827937 0.002994139 -0.1846832 0
1.189143 1.458621 1.764697 1

0.02108977 -0.2202274 0.9752206 0
-0.006990856 -0.9754466 -0.2201274 0
0.9997534 -0.002175168 -0.02211128 0
0.9354665 1.458647 1.791322 1

-0.1045296 4.473962E-05 -0.9945217 0
0.0001420182 -1 -5.991296E-05 0
-0.9945217 -0.0001475028 0.1045297 0
1.06 1.389618 1.75676 1

0.08668764 -0.5405636 0.8368247 0
0.05519872 0.8413027 0.5377381 0
-0.9947051 -0.0004236019 0.1027691 0
1.053035 1.439016 1.690559 1

-0.02306593 0.7480401 0.6632526 0
-0.09883109 -0.6618854 0.7430612 0
0.994837 -0.04841057 0.08919659 0
1.11303 1.33706 1.755401 1

-0.06355674 -0.7936652 -0.6050255 0
0.08298435 -0.6083547 0.789315 0
-0.994522 -4.136789E-05 0.1045269 0
1.06 1.389618 1.75676 1

0.1648854 0.9598831 0.2267976 0
0.271722 -0.2652542 0.9250985 0
0.9481457 -0.09090935 -0.304558 0
1.007862 1.337044 1.766455 1

-0.04114754 -0.9194772 -0.3909839 0
0.09609399 -0.3931431 0.9144419 0
-0.9945214 5.583321E-05 0.1045332 0
1.070177 1.516703 1.853639 1

0.06652345 -0.7574664 0.6494755 0
0.07601841 0.652873 0.7536426 0
-0.9948848 -0.0007628066 0.1010129 0
1.047232 1.4752 1.634545 1

0.023501 0.9756251 0.2181826 0
0.2619539 -0.2166269 0.9404534 0
0.9647941 0.03505215 -0.2606598 0
1.113738 1.314075 1.735022 1

-0.1480503 0.702272 -0.6963443 0
-0.07444886 0.6941917 0.7159297 0
0.9861737 0.1578356 -0.05049194 0
1.002796 1.307551 1.759486 1

-0.04581 0.9798139 -0.1945927 0
0.2112152 0.199894 0.9567817 0
0.9763657 0.002729153 -0.2161086 0
1.113174 1.290662 1.729786 1

0.02180899 0.977905 -0.2079106 0
-0.1024023 0.2090512 0.9725287 0
0.9945042 8.05607E-05 0.1046989 0
1.006349 1.290697 1.776197 1

-0.03574283 0.6250063 0.7798009 0
0.06603567 -0.7771171 0.6258818 0
0.9971769 0.07386549 -0.01349642 0
1.186887 1.510447 1.830027 1

0.1923465 0.6243069 0.7571287 0
0.06452135 -0.7779116 0.6250522 0
0.9792037 -0.07137565 -0.1899098 0
0.9511071 1.51046 1.85481 1

-0.01622142 -0.9797812 -0.1994134 0
0.03046227 -0.1998314 0.9793566 0
-0.9994043 0.009811966 0.03308799 0
1.070177 1.516703 1.853639 1

-0.001055323 -0.9982962 0.05833713 0
-0.03888356 0.05833412 0.9975393 0
-0.9992432 -0.001215624 -0.0388788 0
1.071869 1.61889 1.874437 1

-0.2160747 0.007985 -0.9763444 0
-0.0007084761 0.9999652 0.00833542 0
0.9763768 0.002492759 -0.2160615 0
1.114146 1.269882 1.733913 1

0.1046958 -0.0007264254 -0.9945045 0
-1.887183E-05 0.9999999 -0.0007324137 0
0.9945046 9.53429E-05 0.1046957 0
1.005886 1.269957 1.780607 1

0.1756433 -0.2183706 0.9599289 0
-0.03070135 -0.9758285 -0.21637 0
0.9839751 0.008532817 -0.1781021 0
1.189878 1.458142 1.764768 1

0.02395982 -0.2197791 0.9752551 0
-0.0117949 -0.9755297 -0.2195514 0
0.9996433 -0.006242585 -0.02596588 0
0.9350102 1.458213 1.791448 1

-0.10453 0.001222801 -0.994521 0
0.0001420451 -0.9999993 -0.001244467 0
-0.9945217 -0.0002713509 0.1045296 0
1.06 1.389007 1.75676 1

0.08545258 -0.5427564 0.8355317 0
0.05430628 0.8398898 0.5400333 0
-0.9948612 -0.0007726143 0.1012457 0
1.053035 1.438484 1.690618 1

-0.02565476 0.7262076 0.6869968 0
-0.0980931 -0.6857352 0.7212108 0
0.9948466 -0.04888713 0.08882845 0
1.11303 1.336451 1.755339 1

-0.0635584 -0.7934627 -0.6052912 0
0.08297996 -0.608619 0.7891117 0
-0.9945223 -7.235973E-05 0.1045242 0
1.06 1.389007 1.75676 1

0.1695112 0.9567848 0.2362818 0
0.2689334 -0.2755595 0.9228987 0
0.9481252 -0.09289768 -0.3040217 0
1.007862 1.336422 1.766393 1

-0.04114839 -0.9196786 -0.3905104 0
0.09609634 -0.3926722 0.9146442 0
-0.9945213 0.0001095184 0.1045355 0
1.070177 1.51606 1.853681 1

0.06471031 -0.7600939 0.6465831 0
0.07356794 0.6498117 0.7565264 0
-0.9951885 -0.001387273 0.09796798 0
1.047315 1.474815 1.63469 1

0.02730671 0.9833435 0.1796951 0
0.2630028 -0.1804961 0.9477608 0
0.9644083 0.02138008 -0.2635506 0
1.113818 1.314138 1.73423 1

-0.1540958 0.6816545 -0.7152637 0
-0.07743803 0.7133515 0.6965153 0
0.985017 0.1627186 -0.05713835 0
1.002654 1.307024 1.759133 1

-0.04547483 0.9788808 -0.1993103 0
0.2114649 0.2044285 0.9557679 0
0.9763272 0.001316216 -0.216295 0
1.113163 1.290539 1.729918 1

0.02188361 0.9777233 -0.2087557 0
-0.1025658 0.2098996 0.9723288 0
0.9944859 0.0001331028 0.1048743 0
1.006352 1.290666 1.776298 1

-0.04795426 0.625073 0.7790919 0
0.06636945 -0.7762716 0.6268952 0
0.9966421 0.08177023 -0.00426013 0
1.186888 1.509792 1.830073 1

0.2000274 0.6237941 0.7555595 0
0.06347664 -0.7777745 0.6253298 0
0.9777321 -0.07712273 -0.1951725 0
0.9511074 1.509818 1.854856 1

-0.01610499 -0.9806562 -0.1950747 0
0.03112976 -0.1954971 0.9802101 0
-0.9993857 0.009713637 0.03367598 0
1.070177 1.51606 1.853681 1

-0.0009422735 -0.997776 0.06664905 0
-0.03766576 0.06663732 0.997066 0
-0.9992899 -0.001570901 -0.03764488 0
1.071857 1.618339 1.874027 1

-0.2162494 0.003355637 -0.9763327 0
-0.0003287667 0.9999939 0.003510135 0
0.9763383 0.001080033 -0.2162468 0
1.114127 1.269778 1.734145 1

0.1048712 -0.001594085 -0.994485 0
2.006345E-05 0.999999 -0.001600587 0
0.9944862 0.0001479037 0.1048712 0
1.005888 1.26993 1.780725 1

0.1684287 -0.2165144 0.961641 0
-0.02094603 -0.976144 -0.216111 0
0.9854914 0.01625674 -0.1689457 0
1.190901 1.457481 1.764873 1

0.02801075 -0.2191431 0.9752904 0
-0.01856248 -0.9756192 -0.2186841 0
0.9994354 -0.01197828 -0.03139558 0
0.9343677 1.457614 1.791625 1

-0.1045302 0.00266468 -0.9945182 0
0.000142074 -0.9999964 -0.002694292 0
-0.9945217 -0.00042293 0.1045294 0
1.06 1.388252 1.75676 1

0.08393142 -0.545444 0.8339343 0
0.05320591 0.8381465 0.5428441 0
-0.9950501 -0.001191443 0.09936759 0
1.053035 1.437824 1.69069 1

-0.02866472 0.699356 0.7141984 0
-0.09712575 -0.7130599 0.6943429 0
0.9948593 -0.04946392 0.08836524 0
1.11303 1.335697 1.755263 1

-0.06356031 -0.7932255 -0.6056019 0
0.08297417 -0.6089283 0.7888737 0
-0.9945228 -0.0001082525 0.1045208 0
1.06 1.388252 1.75676 1

0.175108 0.9529252 0.2475298 0
0.2654548 -0.2877997 0.9201659 0
0.9480883 -0.0954205 -0.3033545 0
1.007862 1.335653 1.766316 1

-0.0411492 -0.9199384 -0.3898978 0
0.09609871 -0.3920631 0.9149052 0
-0.9945208 0.0001789414 0.1045379 0
1.070177 1.515266 1.853731 1

0.06248245 -0.7633067 0.6430075 0
0.07054358 0.6460327 0.7600429 0
-0.9955499 -0.002129287 0.09421204 0
1.047416 1.474334 1.634869 1

0.03162532 0.9902883 0.135386 0
0.2644046 -0.1389171 0.954354 0
0.9638928 0.005614904 -0.2662299 0
1.11391 1.314209 1.733318 1

-0.1614742 0.6553213 -0.7378892 0
-0.08126452 0.7363327 0.6717222 0
0.9835256 0.16843 -0.06564427 0
1.002482 1.306373 1.758711 1

-0.04515186 0.9779201 -0.2040429 0
0.2117132 0.2089792 0.9547279 0
0.9762882 -9.089374E-05 -0.2164743 0
1.113152 1.290444 1.730069 1

0.02190159 0.9774471 -0.2100427 0
-0.1027257 0.2111813 0.9720343 0
0.9944689 0.0002876736 0.1050342 0
1.006357 1.290646 1.776419 1

-0.06299994 0.6250456 0.7780418 0
0.06677239 -0.7752039 0.6281722 0
0.9957774 0.09152658 0.007102117 0
1.186888 1.508982 1.830126 1

0.2096176 0.6231095 0.7535218 0
0.06217125 -0.7775772 0.6257064 0
0.9758049 -0.08431172 -0.2017333 0
0.9511077 1.509025 1.85491 1

-0.01596112 -0.9817172 -0.1896759 0
0.03195221 -0.190104 0.9812439 0
-0.999362 0.009601193 0.03440221 0
1.070177 1.515266 1.853731 1

-0.0007972764 -0.9970347 0.07694965 0
-0.03616657 0.07692814 0.9963804 0
-0.9993455 -0.001988622 -0.03612075 0
1.071842 1.617655 1.873513 1

-0.2164253 -0.001295693 -0.9762984 0
3.87381E-05 0.9999992 -0.001335345 0
0.9762991 -0.0003268222 -0.2164249 0
1.114109 1.269703 1.734397 1

0.1050314 -0.002905134 -0.9944651 0
4.309986E-06 0.999996 -0.002920819 0
0.9944693 0.0003024791 0.105031 0
1.005892 1.269916 1.780874 1

0.1595029 -0.214271 0.9636634 0
-0.00891113 -0.9764334 -0.2156354 0
0.9871574 0.02580715 -0.1576533 0
1.19216 1.456674 1.765014 1

0.03308097 -0.2183533 0.9753088 0
-0.02702191 -0.9756818 -0.2175203 0
0.9990873 -0.01915893 -0.03817677 0
0.9335654 1.456878 1.79185 1

-0.1045303 0.004330614 -0.9945123 0
0.0001421045 -0.9999906 -0.004369405 0
-0.9945217 -0.0005980595 0.1045285 0
1.06 1.387377 1.75676 1

0.08217092 -0.5485466 0.8320726 0
0.05192894 0.8361183 0.5460856 0
-0.9952645 -0.001663706 0.09718988 0
1.053035 1.43706 1.690773 1

-0.0319295 0.668339 0.7431712 0
-0.09593785 -0.7421666 0.6633134 0
0.9948751 -0.05011901 0.08781619 0
1.11303 1.334825 1.755175 1

-0.06356247 -0.7929621 -0.6059464 0
0.08296707 -0.609271 0.7886097 0
-0.9945232 -0.0001476139 0.1045163 0
1.06 1.387377 1.75676 1

0.1814402 0.948399 0.2600363 0
0.2613867 -0.3014235 0.9169629 0
0.9480277 -0.09840392 -0.3025891 0
1.007862 1.334762 1.766228 1

-0.04115003 -0.9202523 -0.389156 0
0.09610108 -0.3913256 0.9152207 0
-0.9945207 0.0002630455 0.1045401 0
1.070178 1.514349 1.853786 1

0.05991236 -0.7670025 0.6388407 0
0.06703124 0.6416371 0.7640735 0
-0.9959505 -0.002955158 0.08985498 0
1.047534 1.473778 1.635077 1

0.03613383 0.9954264 0.08843638 0
0.2661231 -0.09488331 0.9592576 0
0.9632613 -0.01112669 -0.2683342 0
1.114011 1.314289 1.73234 1

-0.1699113 0.6236973 -0.7629759 0
-0.08588232 0.761916 0.6419564 0
0.98171 0.1746017 -0.07589343 0
1.002287 1.305621 1.758238 1

-0.04491292 0.9771287 -0.207852 0
0.2119068 0.2126459 0.9538749 0
0.9762572 -0.001203953 -0.2166105 0
1.113144 1.290401 1.730218 1

0.02177847 0.9770525 -0.2118838 0
-0.1028343 0.2129991 0.971626 0
0.9944602 0.0006282788 0.1051135 0
1.006365 1.290653 1.776548 1

-0.08028106 0.6248624 0.7765964 0
0.06722152 -0.7739435 0.6296766 0
0.9945031 0.1027551 0.02012895 0
1.186888 1.508046 1.830186 1

0.2208 0.6222436 0.7510397 0
0.06064547 -0.7773141 0.6261828 0
0.9734321 -0.09271398 -0.209367 0
0.951108 1.508108 1.85497 1

-0.01579195 -0.9829155 -0.1833794 0
0.03290268 -0.1838138 0.9824103 0
-0.9993338 0.009480503 0.03524313 0
1.070178 1.514349 1.853786 1

-0.0006164145 -0.9960396 0.08890905 0
-0.03443668 0.08887748 0.9954468 0
-0.9994068 -0.002448121 -0.03435523 0
1.071825 1.616863 1.872912 1

-0.216565 -0.005046627 -0.9762551 0
0.0003126905 0.9999864 -0.005238506 0
0.9762682 -0.001439717 -0.2165602 0
1.114096 1.269677 1.734626 1

0.1051119 -0.004765132 -0.9944493 0
-0.0001387306 0.9999887 -0.004806604 0
0.9944606 0.0006430303 0.1051103 0
1.005903 1.269931 1.781042 1

0.1491993 -0.2117562 0.965867 0
0.004931377 -0.9766286 -0.2148772 0
0.9887952 0.0368226 -0.1446679 0
1.193606 1.455753 1.765195 1

0.03900842 -0.217445 0.9752927 0
-0.03690058 -0.9756836 -0.2160565 0
0.9985576 -0.02756081 -0.0460836 0
0.9326299 1.456035 1.792118 1

-0.1045305 0.006180834 -0.9945025 0
0.0001421359 -0.9999807 -0.00622982 0
-0.9945217 -0.0007925602 0.1045275 0
1.06 1.386409 1.75676 1

0.08021786 -0.551984 0.8299872 0
0.05050692 0.833852 0.5496725 0
-0.995497 -0.002173462 0.09476876 0
1.053035 1.436215 1.690865 1

-0.03528622 0.6342008 0.7723626 0
-0.09455775 -0.7714956 0.6291687 0
0.9948938 -0.05083192 0.08719184 0
1.11303 1.333861 1.755077 1

-0.06356488 -0.7926822 -0.6063123 0
0.08295899 -0.6096353 0.7883291 0
-0.9945236 -0.0001890133 0.1045114 0
1.06 1.386409 1.75676 1

0.1882764 0.9433237 0.2732995 0
0.256839 -0.3158844 0.9133734 0
0.9479377 -0.1017727 -0.3017558 0
1.007862 1.333777 1.76613 1

-0.04115089 -0.9206164 -0.3882939 0
0.09610357 -0.3904682 0.9155865 0
-0.9945203 0.0003607725 0.1045426 0
1.070178 1.513337 1.853845 1

0.05707222 -0.7710791 0.6341763 0
0.0631175 0.6367278 0.7685009 0
-0.9963728 -0.003832421 0.08500801 0
1.047665 1.473163 1.635309 1

0.04052542 0.9982897 0.04213746 0
0.2680682 -0.05148892 0.9620227 0
0.9625469 -0.02769066 -0.2696961 0
1.114114 1.314374 1.731345 1

-0.1791428 0.5872679 -0.7893189 0
-0.09124312 0.7889222 0.6076813 0
0.9795829 0.1808816 -0.08774544 0
1.002077 1.304792 1.757733 1

-0.04482658 0.9767171 -0.209797 0
0.2119878 0.2145255 0.953436 0
0.9762437 -0.001735083 -0.2166683 0
1.113141 1.290417 1.730334 1

0.02141977 0.9765065 -0.2144218 0
-0.1028462 0.2154854 0.9710763 0
0.9944668 0.001252195 0.1050456 0
1.006376 1.290699 1.776675 1

-0.09919463 0.6244767 0.7747187 0
0.0676954 -0.7725198 0.6313717 0
0.9927627 0.1150736 0.03435567 0
1.186888 1.507012 1.83025 1

0.2332565 0.6211909 0.74814 0
0.05894013 -0.7769799 0.6267602 0
0.9706275 -0.1021004 -0.2178485 0
0.9511084 1.507097 1.855035 1

-0.01559975 -0.9842046 -0.176347 0
0.03395454 -0.1767882 0.983663 0
-0.9993016 0.009357105 0.03617599 0
1.070178 1.513337 1.853845 1

-0.0003966186 -0.9947641 0.1021971 0
-0.03252631 0.1021561 0.9942365 0
-0.9994708 -0.002929779 -0.03239661 0
1.071805 1.615986 1.872237 1

-0.2166262 -0.006970899 -0.9762297 0
0.0004139203 0.9999738 -0.007232218 0
0.9762545 -0.001970721 -0.2166175 0
1.114092 1.269702 1.734784 1

0.1050488 -0.007310835 -0.9944405 0
-0.0004920385 0.9999726 -0.00740341 0
0.9944671 0.001267012 0.1050424 0
1.005922 1.269989 1.781223 1

0.137858 -0.209077 0.9681333 0
0.02010507 -0.976674 -0.2137842 0
0.990248 0.04893627 -0.1304388 0
1.19519 1.454751 1.765416 1

0.04563036 -0.2164502 0.9752265 0
-0.04792447 -0.975594 -0.2142896 0
0.9978085 -0.03695907 -0.05488995 0
0.9315879 1.455112 1.792426 1

-0.1045303 0.008175565 -0.9944881 0
0.0001421673 -0.999966 -0.008235542 0
-0.9945217 -0.001002248 0.1045257 0
1.06 1.385377 1.75676 1

0.0781186 -0.5556767 0.8277202 0
0.04897153 0.8313941 0.5535212 0
-0.9957405 -0.002705572 0.09215973 0
1.053035 1.435315 1.690965 1

-0.03857992 0.5981954 0.8004209 0
-0.09303711 -0.799688 0.5931635 0
0.9949151 -0.05158465 0.08650624 0
1.11303 1.332832 1.754972 1

-0.06356739 -0.7923943 -0.6066881 0
0.08294986 -0.6100092 0.7880406 0
-0.9945242 -0.0002310167 0.1045057 0
1.06 1.385377 1.75676 1

0.195391 0.9378459 0.2868223 0
0.2519326 -0.3306434 0.909508 0
0.9478145 -0.1054498 -0.3008788 0
1.007862 1.332726 1.766025 1

-0.0411517 -0.9210261 -0.3873207 0
0.09610595 -0.3895004 0.9159983 0
-0.9945201 0.0004710668 0.1045448 0
1.070179 1.512258 1.853905 1

0.05403306 -0.7754356 0.6291103 0
0.05888969 0.6314087 0.7732108 0
-0.9968011 -0.004730832 0.07978218 0
1.047806 1.47251 1.63556 1

0.04452776 0.9990081 -0.0002702738 0
0.2700974 -0.01177836 0.9627607 0
0.9618027 -0.04294258 -0.270354 0
1.114215 1.314451 1.730378 1

-0.1885363 0.5478803 -0.8150345 0
-0.09702258 0.8154665 0.5706144 0
0.9772617 0.1866583 -0.1005884 0
1.001858 1.303909 1.757212 1

-0.04495087 0.9768788 -0.2090149 0
0.2118978 0.213789 0.9536214 0
0.9762576 -0.001423632 -0.2166085 0
1.113147 1.290477 1.730384 1

0.02119283 0.9760733 -0.2164062 0
-0.1027878 0.2174348 0.9706478 0
0.9944775 0.001673098 0.1049365 0
1.006383 1.290761 1.776771 1

-0.119136 0.6238643 0.7723989 0
0.06817453 -0.7709634 0.63322 0
0.9905348 0.1280972 0.04931775 0
1.186889 1.505908 1.830317 1

0.2466691 0.6199526 0.7448579 0
0.05709631 -0.7765698 0.6274385 0
0.9674164 -0.1122411 -0.2269529 0
0.9511088 1.50602 1.855102 1

-0.01538727 -0.98554 -0.1687422 0
0.03508074 -0.1691904 0.9849588 0
-0.999266 0.009236222 0.03717691 0
1.070179 1.512258 1.853905 1

-0.0001365924 -0.9931925 0.1164829 0
-0.03048606 0.116433 0.9927305 0
-0.9995352 -0.003415524 -0.03029439 0
1.071783 1.615046 1.871504 1

-0.2165641 -0.006216872 -0.9762487 0
0.0002736712 0.9999792 -0.006428602 0
0.9762685 -0.00165933 -0.2165579 0
1.1141 1.269759 1.734817 1

0.1049444 -0.009307604 -0.9944348 0
-0.000701829 0.9999552 -0.009433505 0
0.9944778 0.001687848 0.1049332 0
1.005934 1.27006 1.781361 1

0.125827 -0.2063285 0.9703588 0
0.0361298 -0.9765306 -0.2123258 0
0.9913942 0.06177518 -0.1154194 0
1.196859 1.453699 1.765677 1

0.05278262 -0.2153987 0.9750985 0
-0.05981839 -0.9753883 -0.2122249 0
0.996813 -0.04712702 -0.06436849 0
0.9304658 1.454138 1.792767 1

-0.1045303 0.01027503 -0.9944687 0
0.0001421999 -0.9999466 -0.01034657 0
-0.9945217 -0.001222944 0.1045232 0
1.06 1.384305 1.75676 1

0.07591972 -0.5595462 0.8253145 0
0.04735515 0.8287928 0.5575482 0
-0.9959889 -0.003246005 0.08941904 0
1.053035 1.434382 1.691071 1

-0.04166654 0.561772 0.8262423 0
-0.09145058 -0.8256333 0.5567462 0
0.9949376 -0.05236264 0.08577576 0
1.11303 1.331764 1.754861 1

-0.06357016 -0.7921076 -0.6070622 0
0.08294013 -0.6103815 0.7877534 0
-0.9945249 -0.0002721963 0.1044995 0
1.06 1.384305 1.75676 1

0.2025669 0.9321465 0.3001162 0
0.246802 -0.3451726 0.9055081 0
0.9476581 -0.1093567 -0.2999761 0
1.007862 1.331635 1.765914 1

-0.04115261 -0.9214775 -0.3862458 0
0.09610852 -0.3884316 0.9164519 0
-0.9945198 0.0005928687 0.1045467 0
1.070179 1.511141 1.853965 1

0.05086504 -0.7799739 0.6237414 0
0.05443677 0.6257868 0.778092 0
-0.9972209 -0.005623222 0.07428987 0
1.047953 1.471836 1.635827 1

0.04807417 0.9981294 -0.03777331 0
0.2721223 0.02329887 0.9619805 0
0.9610609 -0.05652537 -0.270493 0
1.11431 1.314503 1.729473 1

-0.197582 0.5074059 -0.8387496 0
-0.1028844 0.8401577 0.5324941 0
0.9748725 0.1915054 -0.1137958 0
1.001638 1.302994 1.756692 1

-0.04518748 0.9773471 -0.2067626 0
0.211706 0.2116422 0.9541429 0
0.9762883 -0.0006575579 -0.2164736 0
1.113156 1.29055 1.73038 1

0.02136989 0.9759665 -0.2168713 0
-0.1027062 0.2179163 0.9705487 0
0.9944824 0.00153347 0.1048948 0
1.00638 1.290817 1.776821 1

-0.1395007 0.6230277 0.7696596 0
0.06864249 -0.7693059 0.6351826 0
0.98784 0.1414398 0.06455262 0
1.186889 1.504764 1.830384 1

0.2607219 0.61854 0.741237 0
0.05515593 -0.7760815 0.628216 0
0.9638371 -0.1229061 -0.2364575 0
0.9511093 1.504904 1.85517 1

-0.01515795 -0.9868822 -0.1607295 0
0.03625487 -0.1611848 0.9862581 0
-0.9992277 0.009122426 0.03822244 0
1.070179 1.511141 1.853965 1

0.0001628613 -0.9913247 0.1314355 0
-0.02836535 0.131378 0.9909263 0
-0.9995975 -0.003889597 -0.02809794 0
1.07176 1.614069 1.870728 1

-0.2164256 -0.004019427 -0.9762912 0
2.386048E-06 0.9999917 -0.004117301 0
0.9762992 -0.0008933914 -0.2164235 0
1.114115 1.269822 1.734765 1

0.1049016 -0.009800817 -0.9944347 0
-0.000511642 0.9999509 -0.009909027 0
0.9944827 0.001548272 0.1048915 0
1.005926 1.270118 1.78142 1

0.1134626 -0.2035901 0.9724596 0
0.05252336 -0.9761824 -0.2104975 0
0.992153 0.07496043 -0.1000668 0
1.198564 1.452624 1.765973 1

0.06030094 -0.2143148 0.9749014 0
-0.07230668 -0.9750509 -0.2098752 0
0.995558 -0.05783621 -0.07429279 0
0.9292902 1.45314 1.793138 1

-0.1045303 0.01243945 -0.9944439 0
0.0001422311 -0.9999216 -0.01252292 0
-0.9945217 -0.001450465 0.1045203 0
1.06 1.383222 1.75676 1

0.07366729 -0.5635138 0.8228155 0
0.04569036 0.826098 0.5616711 0
-0.9962357 -0.003782044 0.08660351 0
1.053035 1.433442 1.69118 1

-0.04441619 0.5265344 0.8489927 0
-0.08989386 -0.8484902 0.5215201 0
0.9949608 -0.05315531 0.08501896 0
1.11303 1.330685 1.754746 1

-0.06357311 -0.7918314 -0.6074221 0
0.0829299 -0.6107396 0.7874767 0
-0.9945256 -0.0003111201 0.1044931 0
1.06 1.383222 1.75676 1

0.209596 0.926438 0.3127013 0
0.2415943 -0.3589569 0.9015443 0
0.9474712 -0.1134132 -0.299058 0
1.007862 1.330532 1.765799 1

-0.04115356 -0.9219658 -0.3850784 0
0.09611118 -0.3872704 0.9169428 0
-0.9945195 0.0007251193 0.1045487 0
1.070179 1.510013 1.854022 1

0.04763661 -0.7845972 0.6181729 0
0.04984888 0.6199717 0.7830389 0
-0.9976202 -0.006486084 0.06864461 0
1.048103 1.471162 1.636103 1

0.05132837 0.9960672 -0.07221828 0
0.2741809 0.05547998 0.9600763 0
0.9603074 -0.06908004 -0.2702549 0
1.114394 1.314507 1.72866 1

-0.2061967 0.4665083 -0.8601473 0
-0.1087505 0.8626659 0.4939442 0
0.9724486 0.195391 -0.1271458 0
1.001422 1.302066 1.756191 1

-0.04529387 0.9774993 -0.2060185 0
0.2116236 0.2109384 0.954317 0
0.9763014 -0.0003736311 -0.216416 0
1.113163 1.290603 1.730393 1

0.02171967 0.9760715 -0.2163627 0
-0.102607 0.2174473 0.9706643 0
0.994485 0.001117819 0.1048748 0
1.00637 1.290871 1.776833 1

-0.1596891 0.6220016 0.7665595 0
0.06908585 -0.7675787 0.6372203 0
0.9847471 0.1547156 0.07960249 0
1.18689 1.503607 1.830449 1

0.2751009 0.6169769 0.7373326 0
0.05316123 -0.7755125 0.6290898 0
0.9599447 -0.1338657 -0.2461434 0
0.9511098 1.503778 1.855236 1

-0.01491576 -0.9881949 -0.1524738 0
0.03745025 -0.1529358 0.9875262 0
-0.9991873 0.00901952 0.03928928 0
1.070179 1.510013 1.854022 1

0.0004984234 -0.989177 0.1467251 0
-0.02621333 0.1466618 0.9888392 0
-0.9996563 -0.004339035 -0.02585659 0
1.071735 1.613079 1.869925 1

-0.2163671 -0.00329944 -0.9763066 0
-0.0001187974 0.9999944 -0.003353125 0
0.9763124 -0.0006094951 -0.2163661 0
1.114123 1.269872 1.734763 1

0.1048774 -0.009320145 -0.9944417 0
-0.0001489143 0.999956 -0.009387602 0
0.9944853 0.001132599 0.1048715 0
1.00591 1.27017 1.781422 1

0.1011276 -0.2009219 0.9743734 0
0.06880423 -0.9756368 -0.2083234 0
0.9924915 0.08810825 -0.08483951 0
1.200253 1.451553 1.766298 1

0.06802012 -0.2132158 0.9746343 0
-0.08511357 -0.9745758 -0.2072631 0
0.994047 -0.06885653 -0.08443833 0
0.9280874 1.452145 1.79353 1

-0.1045303 0.01462903 -0.9944142 0
0.0001422619 -0.9998918 -0.01472457 0
-0.9945218 -0.00168063 0.1045168 0
1.06 1.382154 1.75676 1

0.07140703 -0.5675022 0.8202696 0
0.04401033 0.8233608 0.5658095 0
-0.9964759 -0.004302441 0.08376958 0
1.053035 1.432518 1.691291 1

-0.04679152 0.4935465 0.8684599 0
-0.08843077 -0.8680453 0.4885462 0
0.9949831 -0.05393877 0.08426195 0
1.11303 1.329622 1.754631 1

-0.06357618 -0.7915744 -0.6077569 0
0.08291931 -0.611073 0.7872195 0
-0.9945263 -0.0003463608 0.1044864 0
1.06 1.382154 1.75676 1

0.21628 0.920965 0.3241089 0
0.2364693 -0.3714949 0.8978162 0
0.9472621 -0.1175379 -0.2981267 0
1.007862 1.329444 1.765683 1

-0.04115457 -0.9224874 -0.3838279 0
0.09611391 -0.3860269 0.9174669 0
-0.9945193 0.0008667579 0.1045505 0
1.07018 1.508904 1.854076 1

0.04441444 -0.789213 0.6125113 0
0.04521775 0.6140763 0.7879503 0
-0.9979894 -0.007299996 0.06296018 0
1.048255 1.470505 1.636385 1

0.05431347 0.9930921 -0.1040142 0
0.2762511 0.08515758 0.9573053 0
0.9595496 -0.08072861 -0.2697173 0
1.114467 1.314457 1.727946 1

-0.2142844 0.4259421 -0.8790086 0
-0.11453 0.882748 0.4556742 0
0.9700338 0.1983166 -0.1403758 0
1.001217 1.301146 1.755724 1

-0.04525596 0.977325 -0.2068536 0
0.2116793 0.2117456 0.9541258 0
0.9762911 -0.0006066955 -0.2164619 0
1.113164 1.290625 1.730442 1

0.02202887 0.9762874 -0.2153566 0
-0.1025132 0.2164792 0.9708906 0
0.994488 0.0006892805 0.1048513 0
1.006359 1.290925 1.776819 1

-0.179109 0.6208509 0.7631935 0
0.06949456 -0.7658164 0.6392936 0
0.9813718 0.1675411 0.09401896 0
1.18689 1.502465 1.830511 1

0.2894961 0.6152992 0.7332115 0
0.05115494 -0.7748637 0.6300553 0
0.9558113 -0.1448912 -0.2557954 0
0.9511102 1.502671 1.855298 1

-0.01466552 -0.9894487 -0.1441417 0
0.03864037 -0.1446102 0.988734 0
-0.9991457 0.00893062 0.04035333 0
1.07018 1.508904 1.854076 1

0.0008640643 -0.9867867 0.1620234 0
-0.02407847 0.161956 0.9865041 0
-0.9997098 -0.004753685 -0.02362046 0
1.07171 1.6121 1.869109 1

-0.2164137 -0.004125317 -0.9762933 0
-7.014384E-05 0.9999914 -0.004209681 0
0.9763021 -0.0008425079 -0.2164118 0
1.114124 1.269897 1.734829 1

0.10485 -0.008328521 -0.9944536 0
0.000173047 0.9999653 -0.008356466 0
0.9944882 0.0007040817 0.104848 0
1.005892 1.270219 1.781386 1

0.08918981 -0.1983672 0.9760615 0
0.08449428 -0.9749274 -0.2058575 0
0.9924242 0.100832 -0.07019255 0
1.201879 1.450508 1.766642 1

0.07577523 -0.2121143 0.9743026 0
-0.09796431 -0.9739687 -0.2044225 0
0.9923009 -0.07995671 -0.09458216 0
0.9268831 1.451178 1.793938 1

-0.1045302 0.01680401 -0.9943797 0
0.0001422912 -0.9998569 -0.01691152 0
-0.9945217 -0.001909256 0.1045129 0
1.06 1.381128 1.75676 1

0.06918439 -0.5714347 0.8177258 0
0.04234863 0.8206333 0.5698836 0
-0.9967046 -0.004797481 0.08097452 0
1.053035 1.431635 1.691401 1

-0.04884201 0.4630594 0.8849803 0
-0.08707249 -0.8846385 0.458075 0
0.9950039 -0.05468415 0.08352727 0
1.11303 1.3286 1.754516 1

-0.06357928 -0.7913456 -0.608054 0
0.08290841 -0.6113689 0.7869906 0
-0.9945269 -0.0003764907 0.1044796 0
1.06 1.381128 1.75676 1

0.2224298 0.9159965 0.333879 0
0.2315966 -0.3822982 0.8945451 0
0.9470418 -0.1216483 -0.2971762 0
1.007862 1.328398 1.765568 1

-0.04115557 -0.9230371 -0.3825032 0
0.09611657 -0.3847096 0.9180196 0
-0.9945188 0.001016722 0.1045521 0
1.070181 1.507841 1.854123 1

0.04126346 -0.7937306 0.6068678 0
0.04063654 0.6082157 0.7927305 0
-0.9983215 -0.008049806 0.05735158 0
1.048404 1.469885 1.636665 1

0.05697154 0.9895297 -0.1326088 0
0.2782568 0.1118236 0.9539748 0
0.9588153 -0.09124871 -0.2689726 0
1.11453 1.314372 1.727324 1

-0.2217378 0.3865264 -0.8952261 0
-0.1201201 0.9002603 0.4184524 0
0.9676794 0.2003214 -0.1531922 0
1.001028 1.300253 1.755309 1

-0.04513863 0.97695 -0.2086411 0
0.2118181 0.2134649 0.9537116 0
0.9762661 -0.001144658 -0.2165712 0
1.113163 1.290625 1.730506 1

0.02209916 0.9764134 -0.2147759 0
-0.1024044 0.2159092 0.9710289 0
0.9944975 0.0005350939 0.1047604 0
1.006349 1.290977 1.776793 1

-0.1971793 0.6196713 0.7596895 0
0.06986168 -0.7640513 0.6413617 0
0.9778752 0.1795365 0.1073639 0
1.18689 1.501368 1.830568 1

0.3036025 0.6135581 0.7289528 0
0.04917997 -0.7741361 0.6311056 0
0.9515288 -0.1557554 -0.2652044 0
0.9511107 1.50161 1.855355 1

-0.0144127 -0.9906178 -0.1358999 0
0.03979871 -0.1363746 0.9898574 0
-0.9991037 0.008857881 0.04139084 0
1.070181 1.507841 1.854123 1

0.001251087 -0.9842088 0.1770055 0
-0.02200823 0.1769356 0.9839761 0
-0.999757 -0.005126626 -0.02143932 0
1.071684 1.611159 1.868297 1

-0.2165251 -0.005885011 -0.9762593 0
7.345341E-05 0.9999818 -0.006044267 0
0.976277 -0.001380379 -0.2165206 0
1.114121 1.269906 1.734931 1

0.1047583 -0.007744571 -0.9944677 0
0.0002645133 0.99997 -0.007759605 0
0.9944978 0.0005498743 0.1047571 0
1.00588 1.270269 1.781348 1

0.07801937 -0.1959493 0.9775056 0
0.09912127 -0.9741113 -0.2031803 0
0.9920122 0.1127436 -0.05657676 0
1.203392 1.44951 1.766991 1

0.08340164 -0.2110133 0.9739184 0
-0.1105859 -0.9732469 -0.2013979 0
0.9903612 -0.09090474 -0.1045055 0
0.9257031 1.450263 1.794351 1

-0.1045301 0.0189246 -0.9943416 0
0.0001423182 -0.9998186 -0.0190438 0
-0.9945216 -0.002132164 0.1045086 0
1.06 1.38017 1.75676 1

0.06704466 -0.575236 0.8152351 0
0.04073952 0.8179704 0.5738156 0
-0.9969178 -0.005258986 0.07827554 0
1.053035 1.430816 1.691509 1

-0.05057849 0.4355306 0.8987519 0
-0.08584677 -0.8984687 0.4305624 0
0.9950237 -0.05537774 0.08283199 0
1.11303 1.327647 1.754404 1

-0.06358243 -0.7911546 -0.6083022 0
0.08289748 -0.611616 0.7867997 0
-0.9945276 -0.0004000843 0.1044729 0
1.06 1.38017 1.75676 1

0.2278644 0.9118192 0.3415603 0
0.2271536 -0.3908898 0.8919677 0
0.946826 -0.1256611 -0.2961931 0
1.007862 1.327422 1.765455 1

-0.04115662 -0.9236115 -0.381114 0
0.09611928 -0.383328 0.918597 0
-0.9945185 0.001173948 0.1045535 0
1.070181 1.506853 1.854163 1

0.03824683 -0.7980637 0.6013575 0
0.03620007 0.6025093 0.7972901 0
-0.9986123 -0.008724638 0.0519342 0
1.048547 1.46932 1.63694 1

0.05928522 0.9857037 -0.1577128 0
0.2801405 0.1352133 0.9503884 0
0.9581262 -0.1005257 -0.2681196 0
1.114584 1.314265 1.726789 1

-0.2284428 0.3491193 -0.9088069 0
-0.125407 0.9151613 0.3830836 0
0.9654467 0.2014833 -0.1652801 0
1.000861 1.299405 1.75496 1

-0.04497405 0.9764529 -0.2109897 0
0.2120103 0.2157218 0.953161 0
0.9762321 -0.00186444 -0.2167201 0
1.113161 1.29061 1.730573 1

0.02189997 0.9763039 -0.2152939 0
-0.1022473 0.2164037 0.9709356 0
0.9945183 0.0007497864 0.1045637 0
1.006343 1.291027 1.77677 1

-0.2133309 0.6185837 0.7562037 0
0.07018338 -0.7623187 0.6433851 0
0.9744558 0.1903269 0.1192117 0
1.186891 1.500345 1.830617 1

0.3171211 0.6118175 0.7246472 0
0.04727964 -0.7733342 0.632233 0
0.9472059 -0.1662335 -0.2741673 0
0.9511113 1.500623 1.855404 1

-0.01416355 -0.9916837 -0.1279164 0
0.0408993 -0.1283967 0.9908791 0
-0.9990628 0.008802679 0.04237784 0
1.070181 1.506853 1.854163 1

0.001648275 -0.9815203 0.1913499 0
-0.02004892 0.1912795 0.9813308 0
-0.9997975 -0.005453885 -0.01936304 0
1.071658 1.610282 1.867504 1

-0.2166789 -0.008195981 -0.9762087 0
0.0002743516 0.9999641 -0.008456152 0
0.9762428 -0.002100036 -0.216669 0
1.114115 1.269901 1.735048 1

0.1045631 -0.008251023 -0.9944845 0
0.0001023775 0.9999658 -0.008285662 0
0.9945186 0.0007645595 0.1045604 0
1.005878 1.270321 1.781336 1

0.06798704 -0.1936769 0.9787069 0
0.1122205 -0.9732667 -0.2003958 0
0.9913548 0.1234552 -0.04443511 0
1.204744 1.448577 1.767332 1

0.09073631 -0.2099099 0.9735011 0
-0.1227082 -0.9724413 -0.1982445 0
0.9882862 -0.1014686 -0.1139936 0
0.9245723 1.449422 1.794761 1

-0.1045302 0.02095104 -0.994301 0
0.0001423433 -0.9997778 -0.0210814 0
-0.9945217 -0.002345175 0.104504 0
1.06 1.379307 1.75676 1

0.0650329 -0.5788308 0.8128501 0
0.03921774 0.8154278 0.5775287 0
-0.9971122 -0.005680227 0.07573013 0
1.053035 1.430086 1.691612 1

-0.05201147 0.4113916 0.9099735 0
-0.08477837 -0.9097362 0.4064387 0
0.9950415 -0.05600657 0.08219381 0
1.11303 1.326789 1.754297 1

-0.06358574 -0.7910103 -0.6084896 0
0.08288686 -0.6118028 0.7866557 0
-0.9945284 -0.0004157181 0.1044663 0
1.06 1.379307 1.75676 1

0.2324077 0.9087264 0.3467028 0
0.2233219 -0.3967972 0.8903255 0
0.9466329 -0.1294921 -0.2951573 0
1.007862 1.326541 1.765348 1

-0.04115779 -0.9242064 -0.3796693 0
0.09612224 -0.3818913 0.919195 0
-0.9945183 0.00133737 0.1045546 0
1.070181 1.505967 1.854193 1

0.03542605 -0.8021287 0.5960992 0
0.03200458 0.5970784 0.801544 0
-0.9988596 -0.009317646 0.04682398 0
1.048681 1.468831 1.637203 1

0.06123945 0.9819369 -0.1790243 0
0.2818421 0.1550499 0.9468496 0
0.9575042 -0.1084411 -0.267256 0
1.114628 1.314149 1.726337 1

-0.2342796 0.3145908 -0.9198621 0
-0.1302681 0.9275035 0.3503822 0
0.9634019 0.201916 -0.1763139 0
1.000721 1.29862 1.754695 1

-0.04479419 0.9759193 -0.2134828 0
0.2122224 0.2181158 0.9525689 0
0.9761943 -0.0026362 -0.2168823 0
1.113158 1.290584 1.730633 1

0.02148083 0.9759414 -0.2169737 0
-0.102077 0.2180305 0.9705895 0
0.9945446 0.001298914 0.1043048 0
1.006343 1.29107 1.77677 1

-0.2270057 0.6177297 0.7529131 0
0.07045808 -0.7606533 0.6453235 0
0.9713412 0.199541 0.1291486 0
1.186891 1.499422 1.830657 1

0.3297597 0.6101542 0.720396 0
0.04549725 -0.7724634 0.6334274 0
0.942968 -0.1761029 -0.2824878 0
0.9511118 1.499739 1.855445 1

-0.013925 -0.9926327 -0.1203598 0
0.04191625 -0.1208452 0.991786 0
-0.9990241 0.008765596 0.04329026 0
1.070181 1.505967 1.854193 1

0.00204221 -0.9788144 0.2047393 0
-0.01824578 0.2046692 0.9786611 0
-0.9998315 -0.005734257 -0.0174412 0
1.071634 1.609495 1.866746 1

-0.216849 -0.01064857 -0.9761472 0
0.0004943474 0.9999391 -0.0110179 0
0.9762051 -0.00287169 -0.2168306 0
1.114108 1.269886 1.735161 1

0.1043092 -0.009917788 -0.994496 0
-0.0002720901 0.9999502 -0.0100007 0
0.994545 0.001313694 0.1043015 0
1.005888 1.270372 1.781372 1

0.05946284 -0.1915459 0.9796808 0
0.1233343 -0.9724879 -0.1976253 0
0.9905819 0.1325796 -0.03420275 0
1.205889 1.447726 1.767648 1

0.09761769 -0.2087949 0.9730751 0
-0.1340646 -0.971592 -0.1950277 0
0.9861528 -0.1114168 -0.1228366 0
0.9235151 1.448677 1.795157 1

-0.1045306 0.02284356 -0.9942593 0
0.0001423582 -0.9997358 -0.02298436 0
-0.9945217 -0.002544106 0.1044996 0
1.06 1.378567 1.75676 1

0.06319377 -0.5821455 0.8106251 0
0.03781833 0.813062 0.5809473 0
-0.9972845 -0.006055755 0.0733961 0
1.053035 1.429469 1.691709 1

-0.05315079 0.3910486 0.9188341 0
-0.083889 -0.9186305 0.3861093 0
0.9950569 -0.05655807 0.08163073 0
1.11303 1.326054 1.754197 1

-0.06358916 -0.7909217 -0.6086044 0
0.08287672 -0.6119173 0.7865677 0
-0.9945289 -0.000421964 0.1044602 0
1.06 1.378567 1.75676 1

0.2359301 0.9065018 0.3501309 0
0.2202918 -0.4008133 0.8892808 0
0.9464718 -0.1326772 -0.2942587 0
1.007862 1.325785 1.765247 1

-0.04115908 -0.9248173 -0.3781785 0
0.09612543 -0.3804087 0.9198092 0
-0.9945179 0.001505926 0.1045556 0
1.070182 1.505212 1.854212 1

0.03286091 -0.8058442 0.5912149 0
0.02814718 0.592046 0.8054124 0
-0.9990636 -0.009825543 0.04213731 0
1.048805 1.468436 1.637448 1

0.06282088 0.9785442 -0.1962261 0
0.2833001 0.1710425 0.9436553 0
0.9569715 -0.1148721 -0.2664765 0
1.114663 1.314038 1.725964 1

-0.2391392 0.285126 -0.928179 0
-0.1345309 0.9369656 0.3224862 0
0.9616206 0.2019877 -0.1857067 0
1.000613 1.297931 1.754489 1

-0.0446303 0.9754437 -0.2156801 0
0.2124179 0.2202244 0.9520401 0
0.9761594 -0.00332448 -0.2170302 0
1.113155 1.290555 1.730674 1

0.020922 0.9756114 -0.2185064 0
-0.101913 0.219497 0.9702762 0
0.9945737 0.001968452 0.1040199 0
1.006352 1.291089 1.776764 1

-0.2376547 0.6172621 0.7500051 0
0.0706853 -0.7590899 0.6471367 0
0.9687746 0.2068094 0.13677 0
1.186892 1.498629 1.830685 1

0.3412323 0.6086563 0.7163087 0
0.04387588 -0.7715305 0.6346774 0
0.9389545 -0.1851438 -0.2899763 0
0.9511123 1.498986 1.855473 1

-0.01370444 -0.9934552 -0.1133986 0
0.04282378 -0.1138883 0.9925701 0
-0.9989886 0.008746466 0.04410416 0
1.070182 1.505212 1.854212 1

0.002417544 -0.9761996 0.2168606 0
-0.01664325 0.2167919 0.9760758 0
-0.9998584 -0.005968969 -0.01572315 0
1.071611 1.608826 1.866039 1

-0.2170062 -0.01280999 -0.9760863 0
0.0006952607 0.9999116 -0.01327708 0
0.9761702 -0.003559846 -0.216978 0
1.114102 1.269867 1.735248 1

0.1040324 -0.01142076 -0.9945087 0
-0.0007844463 0.9999331 -0.01156505 0
0.9945739 0.001983253 0.1040167 0
1.005908 1.270397 1.781398 1

0.0528146 -0.189545 0.9804506 0
0.1320113 -0.9718789 -0.1949988 0
0.9898403 0.1397294 -0.02630719 0
1.20678 1.446972 1.76792 1

0.1038858 -0.2076523 0.9726704 0
-0.1443919 -0.9707503 -0.1918208 0
0.9840524 -0.1205183 -0.1308304 0
0.9225556 1.448049 1.795527 1

-0.1045307 0.02456243 -0.9942183 0
0.0001423769 -0.9996946 -0.02471269 0
-0.9945217 -0.002724786 0.1044952 0
1.06 1.377975 1.75676 1

0.06157124 -0.5851064 0.8086157 0
0.03657635 0.8109313 0.583997 0
-0.9974324 -0.006381201 0.07133107 0
1.053035 1.42899 1.691797 1

-0.05400513 0.374882 0.9254982 0
-0.08319744 -0.9253172 0.369954 0
0.995069 -0.05701966 0.08116115 0
1.11303 1.325466 1.754106 1

-0.06359237 -0.7908979 -0.608635 0
0.08286684 -0.611948 0.7865449 0
-0.9945297 -0.0004174089 0.1044544 0
1.06 1.377975 1.75676 1

0.2384631 0.9047486 0.3529383 0
0.2181018 -0.4040312 0.888364 0
0.9463441 -0.1348655 -0.2936738 0
1.007862 1.325178 1.765156 1

-0.04116029 -0.9254403 -0.3766511 0
0.0961284 -0.3788897 0.9204358 0
-0.9945176 0.001678537 0.1045563 0
1.070183 1.504616 1.854217 1

0.03060959 -0.8091318 0.5868291 0
0.02472546 0.5875375 0.8088189 0
-0.9992256 -0.010248 0.0379904 0
1.048913 1.468155 1.637671 1

0.0640148 0.9758219 -0.2089825 0
0.2844535 0.1828826 0.9410844 0
0.9565502 -0.1196891 -0.2658686 0
1.114689 1.313948 1.725669 1

-0.2427939 0.2632565 -0.9336742 0
-0.1378472 0.9433437 0.301829 0
0.9602341 0.2019865 -0.1927488 0
1.000535 1.297379 1.754312 1

-0.04451426 0.9751291 -0.2171215 0
0.2125579 0.2216053 0.9516883 0
0.9761342 -0.003787114 -0.2171359 0
1.113153 1.29053 1.730684 1

0.02052067 0.9756662 -0.2182992 0
-0.1018096 0.2192495 0.9703429 0
0.9945924 0.00231284 0.1038315 0
1.006362 1.291061 1.776718 1

-0.2449361 0.6173004 0.7476274 0
0.07085069 -0.7576582 0.6487945 0
0.9669471 0.2118831 0.1418418 0
1.186892 1.497995 1.830701 1

0.3512578 0.6074204 0.7125017 0
0.04245817 -0.7705441 0.635971 0
0.9353157 -0.1931382 -0.2964495 0
0.9511129 1.498393 1.855489 1

-0.01350959 -0.9941456 -0.1072015 0
0.04359567 -0.107695 0.9932277 0
-0.998958 0.008744591 0.0447953 0
1.070183 1.504616 1.854217 1

0.002757585 -0.9737964 0.2274047 0
-0.01528554 0.2273378 0.9736959 0
-0.9998794 -0.006161034 -0.01425815 0
1.071592 1.608302 1.865397 1

-0.2171191 -0.01422618 -0.9760416 0
0.0008378481 0.9998907 -0.01476014 0
0.976145 -0.004022395 -0.2170833 0
1.114097 1.269849 1.735289 1

0.1038477 -0.01116729 -0.9945309 0
